[DASH_CAM]
POS=0.266888,0.871038,-0.245418
EXP=23
