[HEADER]
VERSION=4

[BASIC]
WHEELBASE=2.4
CG_LOCATION=0.5

[ARB]
FRONT=0
REAR=0


[FRONT]
TYPE=DWB									
BASEY=-0.1
TRACK=1.5726
ROD_LENGTH=0
HUB_MASS=39.5
RIM_OFFSET=0
WBCAR_TOP_FRONT=0.39155,0.08791,0.09822
WBCAR_TOP_REAR=0.40073,0.06834,-0.11636
WBCAR_BOTTOM_FRONT=0.5326,-0.09858,-0.01857
WBCAR_BOTTOM_REAR=0.5326,-0.09858,-0.35385
WBTYRE_TOP=0.12921,0.12008,-0.0209
WBTYRE_BOTTOM=0.08764,-0.09195,0.00361
WBCAR_STEER=0.5325,-0.083015,0.11588
WBTYRE_STEER=0.0363,-0.07123,0.10616
TOE_OUT=-0.002
STATIC_CAMBER=-2.5
SPRING_RATE=49830
PROGRESSIVE_SPRING_RATE=					
BUMP_STOP_RATE=35000
BUMPSTOP_UP=0.06
BUMPSTOP_DN=0.105
PACKER_RANGE=0.28
DAMP_BUMP=2244
DAMP_FAST_BUMP=1320
DAMP_FAST_BUMPTHRESHOLD=0.05
DAMP_REBOUND=6500
DAMP_FAST_REBOUND=1300
DAMP_FAST_REBOUNDTHRESHOLD=0.05


[REAR]
TYPE=DWB
BASEY=-0.1
TRACK=1.5528
ROD_LENGTH=0
HUB_MASS=31.5
RIM_OFFSET=0
WBCAR_TOP_FRONT=0.4945,0.105042,0.122937
WBCAR_TOP_REAR=0.4945,0.105042,-0.049422
WBCAR_BOTTOM_FRONT=0.6395,-0.0990582,0.160305
WBCAR_BOTTOM_REAR=0.6395,-0.0990582,-0.160159
WBTYRE_TOP=0.151872,0.12007,0.036855
WBTYRE_BOTTOM=0.136869,-0.099061,0
WBCAR_STEER=0.6395,-0.0990582,-0.160159
WBTYRE_STEER=0.136869,-0.0990582,-0.160159
TOE_OUT=0
STATIC_CAMBER=-0.25
SPRING_RATE=39644
PROGRESSIVE_SPRING_RATE=				
BUMP_STOP_RATE=35000
BUMPSTOP_UP=0.07
BUMPSTOP_DN=0.165
PACKER_RANGE=0.28
DAMP_BUMP=1730
DAMP_FAST_BUMP=1150
DAMP_FAST_BUMPTHRESHOLD=0.034
DAMP_REBOUND=6000
DAMP_FAST_REBOUND=1300
DAMP_FAST_REBOUNDTHRESHOLD=0.034



[GRAPHICS_OFFSETS]
WHEEL_LF=-0
SUSP_LF=-0
WHEEL_RF=0
SUSP_RF=0
WHEEL_LR=-0
SUSP_LR=-0
WHEEL_RR=0
SUSP_RR=0

[DAMAGE]
MIN_VELOCITY=85
GAIN=0.005
MAX_DAMAGE=0.11
DEBUG_LOG=0

