[DASH_CAM]
POS=0.353448,0.858084,-0.136268
EXP=27
