[HEADER]
VERSION=4

[BASIC]
WHEELBASE=2.723
CG_LOCATION=0.40

[ARB]
; Z51 sway bars: 30.5mm front, 28.5mm rear — balanced for mid-engine
FRONT=13000
REAR=12000

[FRONT]
TYPE=DWB
; CG height = tire_radius - BASEY = 0.327 - (-0.123) = 0.450m
BASEY=-0.123
TRACK=1.650
; ROD_LENGTH set for ~105mm ride height with corrected BASEY
ROD_LENGTH=0.069
HUB_MASS=57
RIM_OFFSET=0.056
WBCAR_TOP_FRONT=0.3388796,0.09789,0.06780548
WBCAR_TOP_REAR=0.339803,0.07692,-0.1211277
WBCAR_BOTTOM_FRONT=0.465262,-0.1622112,0.261095
WBCAR_BOTTOM_REAR=0.4637474,-0.1826403,-0.07855462
WBTYRE_TOP=0.133847,0.09761005,-0.003650471
WBTYRE_BOTTOM=0.09371,-0.172284,0.03189944
WBCAR_STEER=0.55832,-0.02443811,0.04438
WBTYRE_STEER=0.13964,-0.04136,0.1462066
; Stock C8 Z51 toe: +0.05° per wheel (toe-in), negative TOE_OUT = toe-in
TOE_OUT=0.00022
; Stock C8 Z51 camber: -0.5°
STATIC_CAMBER=-0.51
; Z51 front spring: 226 lb/in wheel rate = ~39600 N/m
SPRING_RATE=39600
PROGRESSIVE_SPRING_RATE=0
BUMP_STOP_RATE=80000
BUMPSTOP_UP=0.060
BUMPSTOP_DN=0.050
PACKER_RANGE=0.110
; Z51 MagneRide damping — ratio ~0.30 bump, ~0.44 rebound
DAMP_BUMP=2200
DAMP_FAST_BUMP=1100
DAMP_FAST_BUMPTHRESHOLD=0.030
DAMP_REBOUND=3200
DAMP_FAST_REBOUND=1500
DAMP_FAST_REBOUNDTHRESHOLD=0.080

[REAR]
TYPE=DWB
; CG height = tire_radius - BASEY = 0.340 - (-0.110) = 0.450m
BASEY=-0.110
TRACK=1.580
; ROD_LENGTH set for ~110mm ride height with corrected BASEY
ROD_LENGTH=0.089
HUB_MASS=71
RIM_OFFSET=0.079
WBCAR_TOP_FRONT=0.4087234,0.1718678,-0.1075541
WBCAR_TOP_REAR=0.4047917,0.1644159,0.1020202
WBCAR_BOTTOM_FRONT=0.4719557,-0.18255,0.15944
WBCAR_BOTTOM_REAR=0.4641845,-0.20479,-0.14822
WBTYRE_TOP=0.1347153,0.17918,0.00181
WBTYRE_BOTTOM=0.07551,-0.17854,-0.00406
WBCAR_STEER=0.50536,-0.09415,-0.17373
WBTYRE_STEER=0.10937,-0.05097,-0.16622
; Stock C8 Z51 toe: 0° rear
TOE_OUT=-0.00100
; Stock C8 Z51 camber: -0.5°
STATIC_CAMBER=-0.6
; Z51 rear spring: 263 lb/in wheel rate = ~46000 N/m
SPRING_RATE=46000
PROGRESSIVE_SPRING_RATE=0
BUMP_STOP_RATE=90000
BUMPSTOP_UP=0.075
BUMPSTOP_DN=0.050
PACKER_RANGE=0.115
; Z51 MagneRide damping — ratio ~0.29 bump, ~0.44 rebound
DAMP_BUMP=2800
DAMP_FAST_BUMP=1400
DAMP_FAST_BUMPTHRESHOLD=0.030
DAMP_REBOUND=4200
DAMP_FAST_REBOUND=1900
DAMP_FAST_REBOUNDTHRESHOLD=0.090

[GRAPHICS_OFFSETS]
WHEEL_LF=-0.00
SUSP_LF=-0.00
WHEEL_RF=0.00
SUSP_RF=0.00
WHEEL_LR=0.0
SUSP_LR=0.0
WHEEL_RR=-0.0
SUSP_RR=-0.0

[DAMAGE]
MIN_VELOCITY=40
GAIN=0.0004
MAX_DAMAGE=0.05
DEBUG_LOG=1

