[HEADER]
VERSION=2

[BASIC]
WHEELBASE=2.723
CG_LOCATION=0.40

[ARB]
FRONT=17000
REAR=6800

[FRONT]
TYPE=DWB
BASEY=-0.080
TRACK=1.650
ROD_LENGTH=0.050
HUB_MASS=57
RIM_OFFSET=0.056
WBCAR_TOP_FRONT=0.3388796,0.09789,0.06780548
WBCAR_TOP_REAR=0.339803,0.07692,-0.1211277
WBCAR_BOTTOM_FRONT=0.465262,-0.1622112,0.261095
WBCAR_BOTTOM_REAR=0.4637474,-0.1826403,-0.07855462
WBTYRE_TOP=0.133847,0.09761005,-0.003650471
WBTYRE_BOTTOM=0.09371,-0.172284,0.03189944
WBCAR_STEER=0.55832,-0.02443811,0.04438
WBTYRE_STEER=0.13964,-0.04136,0.1462066
TOE_OUT=0.0012
STATIC_CAMBER=-0.6
SPRING_RATE=70000
PROGRESSIVE_SPRING_RATE=0
BUMP_STOP_RATE=80000
BUMPSTOP_UP=0.065
BUMPSTOP_DN=0.060
PACKER_RANGE=0.130
DAMP_BUMP=6000
DAMP_FAST_BUMP=5900
DAMP_FAST_BUMPTHRESHOLD=0.020
DAMP_REBOUND=7100
DAMP_FAST_REBOUND=5840
DAMP_FAST_REBOUNDTHRESHOLD=0.090

[REAR]
TYPE=DWB
BASEY=-0.145
TRACK=1.580
ROD_LENGTH=0.080
HUB_MASS=71
RIM_OFFSET=0.079
WBCAR_TOP_FRONT=0.4087234,0.1718678,-0.1075541
WBCAR_TOP_REAR=0.4047917,0.1644159,0.1020202
WBCAR_BOTTOM_FRONT=0.4719557,-0.18255,0.15944
WBCAR_BOTTOM_REAR=0.4641845,-0.20479,-0.14822
WBTYRE_TOP=0.1347153,0.17918,0.00181
WBTYRE_BOTTOM=0.07551,-0.17854,-0.00406
WBCAR_STEER=0.50536,-0.09415,-0.17373
WBTYRE_STEER=0.10937,-0.05097,-0.16622
TOE_OUT=-0.001
STATIC_CAMBER=-0.5
SPRING_RATE=60000
PROGRESSIVE_SPRING_RATE=0
BUMP_STOP_RATE=90000
BUMPSTOP_UP=0.080
BUMPSTOP_DN=0.060
PACKER_RANGE=0.140
DAMP_BUMP=7055
DAMP_FAST_BUMP=6818
DAMP_FAST_BUMPTHRESHOLD=0.020
DAMP_REBOUND=6820
DAMP_FAST_REBOUND=5580
DAMP_FAST_REBOUNDTHRESHOLD=0.100

[GRAPHICS_OFFSETS]
WHEEL_LF=-0.00
SUSP_LF=-0.00
WHEEL_RF=0.00
SUSP_RF=0.00
WHEEL_LR=0.0
SUSP_LR=0.0
WHEEL_RR=-0.0
SUSP_RR=-0.0

[DAMAGE]
MIN_VELOCITY=40
GAIN=0.0004
MAX_DAMAGE=0.05
DEBUG_LOG=1

