[DASH_CAM]
POS=0.351848,1.09928,-0.231849
EXP=30
