[DASH_CAM]
EXP=0
POS=0.398713,1.23648,-0.204494
